  Wed Feb 21 20:33:32 2024 for program Focmec
 synth test
 Input from a file focmec_input_synth
 Synth test
 Including emergent polarity picks
 Polarities/Errors:  P 014/02  SV 000/00  SH 000/00
 There are no amplitude ratio data
 The minimum, increment and maximum B axis trend:     0.00    5.00  355.00
 The limits for the B axis plunge:     0.00    5.00   90.00
 The limits for Angle:     0.00    5.00  175.00
    Dip   Strike   Rake    Pol: P     SV    SH
   30.00   20.00   90.00       2.00  0.00  0.00
   35.00   20.00   90.00       2.00  0.00  0.00
   35.00   25.00   90.00       1.00  0.00  0.00
   40.00   25.00   90.00       2.00  0.00  0.00
   35.00   30.00   90.00       2.00  0.00  0.00
   35.31   12.90   81.33       2.00  0.00  0.00
   40.26   14.07   82.25       2.00  0.00  0.00
   35.31   17.90   81.33       2.00  0.00  0.00
   60.13  192.12   84.23       2.00  0.00  0.00
   60.13  197.12   84.23       2.00  0.00  0.00
   55.15  201.51   83.90       2.00  0.00  0.00
   55.15  206.51   83.90       2.00  0.00  0.00
   65.41  188.05   78.99       2.00  0.00  0.00
   60.50  192.02   78.49       2.00  0.00  0.00
   65.41  193.12   78.99       2.00  0.00  0.00
   60.50  197.09   78.49       2.00  0.00  0.00
   65.41  198.19   78.99       2.00  0.00  0.00
   65.91  188.55   73.53       2.00  0.00  0.00
   65.91  193.69   73.53       2.00  0.00  0.00
   42.27  234.86   67.37       2.00  0.00  0.00
   71.25  183.49   68.83       2.00  0.00  0.00
   48.36  219.35   62.76       2.00  0.00  0.00
   48.36  224.65   62.76       2.00  0.00  0.00
   43.96  226.65   60.48       2.00  0.00  0.00
   43.96  231.94   60.48       2.00  0.00  0.00
   39.67  233.38   57.60       2.00  0.00  0.00
   46.03  211.42   54.04       2.00  0.00  0.00
   50.14  215.24   56.60       2.00  0.00  0.00
   50.14  220.78   56.60       2.00  0.00  0.00
   46.03  222.50   54.04       2.00  0.00  0.00
   50.14  226.32   56.60       2.00  0.00  0.00
   42.06  223.66   50.89       2.00  0.00  0.00
   46.03  228.04   54.04       2.00  0.00  0.00
   42.06  229.19   50.89       2.00  0.00  0.00
   38.29  229.64   47.00       2.00  0.00  0.00
   42.06  234.73   50.89       2.00  0.00  0.00
   38.29  235.18   47.00       2.00  0.00  0.00
   52.24  211.50   50.77       2.00  0.00  0.00
   52.24  217.31   50.77       2.00  0.00  0.00
   48.44  218.89   48.07       2.00  0.00  0.00
   52.24  223.11   50.77       2.00  0.00  0.00
   44.81  219.95   44.81       2.00  0.00  0.00
   48.44  224.69   48.07       2.00  0.00  0.00
   41.41  220.40   40.89       2.00  0.00  0.00
   44.81  225.76   44.81       2.00  0.00  0.00
   41.41  226.20   40.89       2.00  0.00  0.00
   44.81  231.57   44.81       2.00  0.00  0.00
   41.41  232.01   40.89       2.00  0.00  0.00
   35.53  224.76   30.64       2.00  0.00  0.00
   38.29  231.71   36.20       2.00  0.00  0.00
   54.60  214.23   45.28       2.00  0.00  0.00
   58.23  218.37   47.57       2.00  0.00  0.00
   51.13  215.81   42.55       2.00  0.00  0.00
   54.60  220.33   45.28       2.00  0.00  0.00
   47.85  216.95   39.32       2.00  0.00  0.00
   51.13  221.92   42.55       2.00  0.00  0.00
   44.81  217.56   35.53       2.00  0.00  0.00
   47.85  223.05   39.32       2.00  0.00  0.00
   44.81  223.66   35.53       2.00  0.00  0.00
   47.85  229.15   39.32       2.00  0.00  0.00
   39.67  216.97   26.03       2.00  0.00  0.00
   42.06  223.69   31.11       2.00  0.00  0.00
   44.81  229.76   35.53       2.00  0.00  0.00
   78.56  353.41  -49.02       2.00  0.00  0.00
   74.81  356.80  -48.24       2.00  0.00  0.00
   54.07  211.27   37.45       2.00  0.00  0.00
   57.20  215.99   40.12       2.00  0.00  0.00
   51.13  212.72   34.36       2.00  0.00  0.00
   54.07  217.82   37.45       2.00  0.00  0.00
   48.44  213.75   30.79       2.00  0.00  0.00
   51.13  219.27   34.36       2.00  0.00  0.00
   54.07  224.36   37.45       2.00  0.00  0.00
   46.03  214.32   26.73       2.00  0.00  0.00
   48.44  220.29   30.79       2.00  0.00  0.00
   51.13  225.81   34.36       2.00  0.00  0.00
   46.03  220.87   26.73       2.00  0.00  0.00
   48.44  226.84   30.79       2.00  0.00  0.00
   79.45  353.08  -44.01       2.00  0.00  0.00
   76.00  356.79  -43.22       2.00  0.00  0.00
   57.20  214.00   32.73       2.00  0.00  0.00
